0 36
0 41
0 160
0 203
0 271
0 309
0 377
0 494
1 72
1 89
1 102
1 156
1 177
1 210
1 242
1 244
1 415
1 479
2 31
2 54
2 72
2 116
2 203
2 224
2 233
2 262
2 373
2 398
2 482
2 487
3 20
3 84
3 125
3 145
3 147
3 191
3 237
3 313
3 317
3 478
4 17
4 201
4 312
4 387
4 432
4 467
4 475
4 489
5 23
5 33
5 160
5 191
5 202
5 218
5 253
5 312
5 323
5 384
5 416
5 418
5 451
6 11
6 14
6 84
6 91
6 114
6 166
6 172
6 175
6 208
6 213
6 293
6 331
6 349
6 432
6 468
7 59
7 113
7 147
7 190
7 296
7 376
7 417
7 464
7 499
8 92
8 109
8 220
8 267
8 313
8 379
8 409
8 439
8 457
8 461
9 61
9 150
9 216
9 243
9 268
9 466
9 482
9 494
10 49
10 59
10 109
10 121
10 348
10 398
10 418
10 434
10 492
11 6
11 20
11 52
11 72
11 102
11 133
11 264
11 358
11 364
11 393
12 62
12 93
12 109
12 279
12 366
12 408
13 54
13 56
13 60
13 117
13 162
13 192
13 325
13 357
13 358
13 402
13 411
13 446
14 6
14 98
14 159
14 230
14 323
14 372
14 431
14 470
15 29
15 93
15 113
15 153
15 169
15 298
15 381
15 402
15 439
16 21
16 95
16 164
16 191
16 275
16 280
17 4
17 20
17 71
17 117
17 119
17 144
17 189
17 308
17 389
17 420
18 80
18 90
18 126
18 151
18 183
18 208
18 290
18 311
18 330
18 340
18 350
18 404
18 430
18 484
18 497
19 103
19 164
19 218
19 267
19 288
19 315
19 365
19 368
19 456
19 468
19 497
20 3
20 11
20 17
20 78
20 134
20 136
20 139
20 154
20 155
20 156
20 266
20 285
20 300
20 322
20 340
20 344
20 389
20 453
21 16
21 47
21 74
21 121
21 174
21 179
21 196
21 302
21 343
21 397
21 413
21 458
22 49
22 57
22 59
22 73
22 191
22 214
22 266
22 313
22 338
22 396
22 487
23 5
23 62
23 103
23 185
23 209
23 234
23 323
23 400
23 405
23 428
23 455
23 467
24 25
24 30
24 98
24 164
24 189
24 335
24 340
24 484
24 499
25 24
25 167
25 235
25 418
26 85
26 97
26 115
26 312
26 411
26 440
26 451
27 29
27 105
27 124
27 149
27 154
27 206
27 343
27 361
27 373
27 377
27 422
28 48
28 68
28 171
28 172
28 214
28 240
28 281
28 320
28 324
28 359
28 448
29 15
29 27
29 58
29 131
29 200
29 240
29 378
29 461
30 24
30 52
30 63
30 339
30 374
30 381
30 420
30 468
30 477
31 2
31 35
31 68
31 107
31 160
31 163
31 283
31 414
31 428
32 49
32 64
32 125
32 161
32 253
32 257
32 267
32 282
32 321
32 352
32 382
32 390
32 400
32 418
32 420
32 464
32 472
33 5
33 125
33 145
33 194
33 198
33 239
33 256
33 340
33 377
33 398
34 73
34 220
34 372
34 395
34 415
35 31
35 54
35 92
35 108
35 132
35 133
35 183
35 289
35 335
35 442
36 0
36 41
36 57
36 114
36 127
36 236
36 255
36 306
36 375
37 123
37 160
37 168
37 175
37 225
37 226
37 284
37 301
37 321
37 384
37 403
37 411
37 421
37 436
37 443
38 107
38 119
38 151
38 170
38 181
38 208
38 332
38 334
38 387
38 403
38 416
38 423
38 449
38 461
38 470
38 491
39 220
39 313
39 352
39 396
39 403
39 409
39 486
40 46
40 48
40 109
40 241
40 252
40 278
40 369
40 464
40 488
40 495
41 0
41 36
41 127
41 289
41 318
41 328
41 368
41 369
41 372
41 406
41 417
42 57
42 181
42 187
42 236
42 260
42 271
42 339
42 410
42 476
42 480
42 496
43 163
43 197
43 212
43 251
43 258
43 285
43 298
43 341
43 359
43 412
43 421
43 441
44 58
44 76
44 89
44 98
44 149
44 196
44 228
44 247
44 258
44 267
44 402
44 409
44 464
44 467
44 489
45 149
45 157
45 251
45 269
45 286
45 324
45 470
45 478
45 490
45 497
46 40
46 169
46 184
46 228
46 287
46 305
46 366
46 419
47 21
47 119
47 146
47 184
47 197
47 266
47 269
47 288
47 292
47 338
47 377
47 380
47 415
48 28
48 40
48 128
48 173
48 215
48 274
48 287
48 295
48 316
48 373
48 445
49 10
49 22
49 32
49 58
49 87
49 117
49 160
49 190
49 206
49 237
49 272
49 282
49 358
49 392
49 446
49 478
50 70
50 160
50 162
50 170
50 200
50 414
50 441
50 482
50 499
51 62
51 124
51 156
51 178
51 223
51 237
51 247
51 281
51 430
51 452
51 460
52 11
52 30
52 75
52 96
52 113
52 256
52 296
52 374
52 482
52 491
53 86
53 94
53 100
53 122
53 143
53 170
53 231
53 241
53 276
53 284
53 349
53 380
53 388
53 463
53 465
54 2
54 13
54 35
54 57
54 103
54 141
54 143
54 227
54 337
54 392
54 404
54 448
54 450
54 480
55 63
55 92
55 159
55 166
55 213
55 258
55 270
55 295
55 350
55 358
55 391
55 397
56 13
56 65
56 200
56 218
56 236
56 240
56 257
56 288
56 296
56 317
56 385
56 435
56 441
57 22
57 36
57 42
57 54
57 201
57 205
57 279
57 332
57 405
57 451
58 29
58 44
58 49
58 66
58 178
58 192
58 214
58 237
58 355
58 447
58 448
58 470
58 475
58 499
59 7
59 10
59 22
59 63
59 131
59 163
59 286
59 397
59 407
59 414
59 417
59 431
59 434
59 455
59 470
59 474
59 477
59 479
60 13
60 230
60 255
60 264
60 301
60 328
60 338
61 9
61 80
61 111
61 114
61 199
61 312
61 341
61 372
62 12
62 23
62 51
62 109
62 110
62 116
62 139
62 221
62 278
62 374
62 385
62 389
62 394
62 452
62 479
62 481
63 30
63 55
63 59
63 133
63 159
63 179
63 183
63 236
63 382
63 403
63 485
64 32
64 67
64 83
64 94
64 102
64 193
64 226
64 282
64 283
64 309
64 313
64 314
64 349
64 355
64 363
64 370
64 390
64 394
64 478
65 56
65 219
65 314
65 432
65 464
66 58
66 155
66 166
66 249
66 261
66 262
66 267
66 292
66 320
66 398
66 409
66 459
67 64
67 118
67 173
67 238
67 248
67 276
67 373
67 480
68 28
68 31
68 88
68 126
68 130
68 139
68 151
68 187
68 188
68 262
68 283
68 366
68 399
68 402
68 449
68 483
69 116
69 122
69 124
69 150
69 176
69 178
69 220
69 238
69 358
70 50
70 217
70 279
70 319
70 372
70 430
70 431
70 492
71 17
71 152
71 183
71 238
71 372
71 409
71 420
72 1
72 2
72 11
72 88
72 189
72 199
72 200
72 218
72 270
72 291
72 309
72 315
72 349
72 363
72 408
72 457
73 22
73 34
73 103
73 132
73 192
73 198
73 310
73 311
73 364
73 409
73 497
74 21
74 76
74 298
74 323
74 343
74 361
74 418
74 432
74 454
74 470
75 52
75 111
75 123
75 310
75 355
75 488
76 44
76 74
76 181
76 194
76 281
76 333
76 358
76 432
76 467
76 469
77 108
77 120
77 141
77 219
77 224
77 326
77 359
77 409
77 440
77 472
78 20
78 126
78 136
78 276
78 458
79 111
79 121
79 145
79 154
79 185
79 298
79 299
79 308
79 345
79 353
79 397
80 18
80 61
80 257
80 323
81 91
81 94
81 198
81 286
81 310
82 89
82 102
82 131
82 171
83 64
83 110
83 139
83 152
83 224
83 317
83 386
83 487
83 493
83 497
84 3
84 6
84 109
84 151
84 249
84 373
84 383
85 26
85 134
85 171
85 184
85 224
85 251
85 348
85 350
85 368
85 377
85 498
86 53
86 390
86 491
86 498
87 49
87 141
87 150
87 218
87 227
87 230
87 285
87 295
87 335
87 390
87 426
88 68
88 72
88 89
88 93
88 141
88 220
88 369
88 374
88 387
88 448
88 481
88 492
89 1
89 44
89 82
89 88
89 131
89 377
89 459
90 18
90 108
90 123
90 142
90 151
90 205
90 215
90 217
90 233
90 249
90 294
90 303
90 313
90 361
90 371
90 402
90 418
90 465
91 6
91 81
91 94
91 134
91 139
91 202
91 302
91 318
91 329
92 8
92 35
92 55
92 130
92 283
92 345
92 358
92 398
93 12
93 15
93 88
93 121
93 164
93 235
93 245
93 307
93 436
93 499
94 53
94 64
94 81
94 91
94 119
94 133
94 153
94 233
94 306
94 365
94 396
94 429
94 448
94 492
95 16
95 193
95 216
95 318
95 372
95 392
95 396
95 449
95 467
95 469
95 477
96 52
96 262
96 351
96 412
97 26
97 103
97 135
97 385
97 414
97 435
98 14
98 24
98 44
98 147
98 176
98 193
98 237
98 243
98 256
98 287
98 296
98 336
98 413
98 487
99 117
99 290
99 291
99 411
99 486
100 53
100 111
100 136
100 138
100 151
100 174
100 266
100 347
100 453
101 123
101 127
101 169
101 281
101 284
101 305
101 357
101 391
101 474
102 1
102 11
102 64
102 82
102 121
102 130
102 189
102 236
102 269
102 364
103 19
103 23
103 54
103 73
103 97
103 105
103 133
103 231
103 280
103 329
103 331
103 381
103 392
103 466
104 159
104 205
104 234
104 266
104 294
104 344
104 427
104 435
104 442
104 446
104 481
105 27
105 103
105 127
105 159
105 185
105 189
105 217
105 346
105 447
105 487
106 116
106 120
106 158
106 199
106 237
106 246
106 376
106 499
107 31
107 38
107 109
107 115
107 124
107 221
107 256
107 356
107 357
107 438
108 35
108 77
108 90
108 200
108 279
108 281
108 300
108 301
108 309
108 334
108 400
108 499
109 8
109 10
109 12
109 40
109 62
109 84
109 107
109 185
109 188
109 245
109 321
109 453
110 62
110 83
110 123
110 299
110 311
110 324
110 395
110 475
110 484
111 61
111 75
111 79
111 100
111 135
111 165
111 186
111 197
111 332
111 377
111 438
111 439
112 132
112 172
112 188
112 204
112 255
112 306
112 381
112 397
112 428
112 457
113 7
113 15
113 52
113 126
113 157
113 244
113 277
113 279
113 300
113 316
113 386
113 395
114 6
114 36
114 61
114 132
114 150
114 235
114 236
114 388
114 411
114 421
114 465
115 26
115 107
115 120
115 154
115 177
115 343
115 391
115 443
115 444
116 2
116 62
116 69
116 106
116 166
116 207
116 240
116 255
116 259
116 279
116 285
116 321
116 374
116 411
116 421
116 499
117 13
117 17
117 49
117 99
117 127
117 294
117 332
117 438
117 452
118 67
118 146
118 232
118 248
118 279
118 324
118 371
118 390
118 410
118 454
119 17
119 38
119 47
119 94
119 141
119 235
119 243
119 269
119 305
119 307
119 330
119 356
120 77
120 106
120 115
120 143
120 148
120 164
120 405
120 479
121 10
121 21
121 79
121 93
121 102
121 144
121 192
121 236
121 275
121 287
121 308
121 321
121 361
121 417
121 487
122 53
122 69
122 150
122 177
122 231
122 333
122 334
122 408
122 464
122 478
122 480
123 37
123 75
123 90
123 101
123 110
123 220
123 256
123 286
123 447
123 450
123 460
124 27
124 51
124 69
124 107
124 151
124 180
124 186
124 199
124 257
124 280
124 362
124 399
124 420
124 469
125 3
125 32
125 33
125 186
125 213
125 216
125 265
125 273
125 280
125 292
125 303
125 377
125 427
126 18
126 68
126 78
126 113
126 158
126 169
126 210
126 241
126 348
126 434
126 447
126 461
126 462
127 36
127 41
127 101
127 105
127 117
127 143
127 149
127 193
127 275
127 349
127 367
127 388
127 405
127 452
127 486
128 48
128 206
128 309
128 327
128 345
128 407
128 413
128 420
128 491
129 205
129 255
129 394
129 398
129 446
129 464
130 68
130 92
130 102
130 162
130 227
130 262
130 315
130 345
130 377
130 387
130 414
130 441
130 459
131 29
131 59
131 82
131 89
131 260
131 268
131 326
131 334
131 352
131 397
131 401
131 417
131 437
131 476
131 485
132 35
132 73
132 112
132 114
132 199
132 291
132 299
132 314
132 326
132 342
132 367
132 407
132 478
132 480
132 496
133 11
133 35
133 63
133 94
133 103
133 168
133 336
133 410
133 460
133 461
133 463
134 20
134 85
134 91
134 217
134 219
134 250
134 318
134 328
134 427
134 448
135 97
135 111
135 351
135 433
135 453
135 481
136 20
136 78
136 100
136 165
136 173
136 257
136 363
136 410
137 155
137 286
137 287
137 352
137 382
137 417
137 426
137 442
137 473
138 100
138 167
138 197
138 315
138 357
138 372
138 389
138 414
138 431
139 20
139 62
139 68
139 83
139 91
139 229
139 252
139 386
139 428
139 438
139 455
139 469
140 187
140 346
140 362
140 386
140 401
140 430
140 478
141 54
141 77
141 87
141 88
141 119
141 161
141 216
141 217
141 228
141 272
141 350
141 391
141 393
141 484
141 489
142 90
142 203
142 269
142 303
142 329
142 336
142 356
142 386
142 492
143 53
143 54
143 120
143 127
143 197
143 207
143 226
143 233
143 236
143 257
143 320
143 377
143 391
143 429
143 474
143 493
144 17
144 121
144 190
144 239
144 243
144 258
144 275
144 331
144 362
144 375
144 377
144 388
145 3
145 33
145 79
145 196
145 271
145 293
145 328
145 355
145 446
145 462
145 463
146 47
146 118
146 157
146 241
146 366
146 390
146 449
146 493
147 3
147 7
147 98
147 158
147 183
147 187
147 188
147 301
147 303
147 326
147 427
147 456
148 120
148 152
148 180
148 206
148 307
148 386
148 446
148 491
149 27
149 44
149 45
149 127
149 171
149 213
149 241
149 267
149 270
149 276
149 356
149 376
149 399
149 455
150 9
150 69
150 87
150 114
150 122
150 264
150 329
150 368
150 451
151 18
151 38
151 68
151 84
151 90
151 100
151 124
151 172
151 227
151 259
151 317
151 331
151 357
151 429
151 468
152 71
152 83
152 148
152 229
152 274
152 302
152 304
152 352
152 403
152 478
152 494
153 15
153 94
153 255
153 260
153 298
153 335
153 340
153 385
153 472
154 20
154 27
154 79
154 115
154 169
154 170
154 204
154 293
155 20
155 66
155 137
155 157
155 170
155 196
155 242
155 245
155 266
155 293
155 302
155 310
155 379
155 440
156 1
156 20
156 51
156 243
156 250
156 276
156 302
156 316
156 333
157 45
157 113
157 146
157 155
157 159
157 166
157 291
157 312
157 349
157 400
158 106
158 126
158 147
158 185
158 213
158 226
158 235
158 296
158 297
158 308
158 361
158 385
158 449
158 478
158 497
159 14
159 55
159 63
159 104
159 105
159 157
159 178
159 193
159 296
159 379
159 404
159 410
159 443
159 462
159 473
160 0
160 5
160 31
160 37
160 49
160 50
160 189
160 258
160 344
160 374
160 436
161 32
161 141
161 264
161 359
161 363
161 367
161 369
161 408
162 13
162 50
162 130
162 175
162 177
162 276
162 424
162 468
162 479
163 31
163 43
163 59
163 166
163 210
163 238
163 313
163 333
163 340
163 398
163 406
163 445
163 455
164 16
164 19
164 24
164 93
164 120
164 225
164 244
164 251
164 270
164 322
164 342
164 450
165 111
165 136
165 251
165 274
165 277
165 344
165 354
165 491
166 6
166 55
166 66
166 116
166 157
166 163
166 179
166 193
166 222
166 226
166 243
166 282
166 300
166 406
166 422
166 428
166 447
167 25
167 138
167 170
167 263
167 331
167 335
167 358
168 37
168 133
168 180
168 202
168 321
168 328
168 388
168 397
168 480
169 15
169 46
169 101
169 126
169 154
169 187
169 222
169 230
169 265
169 293
169 322
169 370
169 412
170 38
170 50
170 53
170 154
170 155
170 167
170 180
170 203
170 294
170 354
170 392
170 449
170 498
171 28
171 82
171 85
171 149
171 185
171 228
171 241
171 298
171 320
171 417
171 426
171 487
172 6
172 28
172 112
172 151
172 202
172 216
172 229
172 249
172 267
172 283
172 340
172 475
173 48
173 67
173 136
173 205
173 297
173 331
173 362
173 415
174 21
174 100
174 181
174 191
174 195
174 219
174 359
174 427
174 430
175 6
175 37
175 162
175 293
175 304
175 432
175 462
175 497
176 69
176 98
176 282
176 283
176 296
176 402
176 413
176 466
176 471
177 1
177 115
177 122
177 162
177 187
177 352
177 372
177 380
177 390
178 51
178 58
178 69
178 159
178 179
178 270
178 345
178 366
178 403
178 478
178 492
179 21
179 63
179 166
179 178
179 203
179 248
179 324
179 421
179 470
180 124
180 148
180 168
180 170
180 188
180 236
180 283
180 287
180 343
180 347
180 418
180 473
181 38
181 42
181 76
181 174
181 295
181 297
181 314
181 367
181 438
181 485
182 185
182 197
182 199
182 219
182 286
182 358
182 366
182 393
182 430
182 477
183 18
183 35
183 63
183 71
183 147
183 196
183 205
183 208
183 213
183 216
183 225
183 231
183 266
183 273
183 290
183 389
183 399
183 439
183 460
183 475
184 46
184 47
184 85
184 276
184 312
184 335
184 355
184 456
184 458
185 23
185 79
185 105
185 109
185 158
185 171
185 182
185 256
185 300
185 394
185 448
186 111
186 124
186 125
186 217
186 223
186 229
186 241
186 242
186 312
186 320
186 375
187 42
187 68
187 140
187 147
187 169
187 177
187 389
187 448
187 455
188 68
188 109
188 112
188 147
188 180
188 198
188 222
188 313
188 322
188 323
188 403
188 497
189 17
189 24
189 72
189 102
189 105
189 160
189 258
189 315
189 328
189 474
190 7
190 49
190 144
190 208
190 254
190 263
190 369
190 406
190 452
191 3
191 5
191 16
191 22
191 174
191 281
191 302
191 435
192 13
192 58
192 73
192 121
192 195
192 198
192 230
192 446
192 447
192 464
192 482
193 64
193 95
193 98
193 127
193 159
193 166
193 210
193 212
193 261
193 360
193 487
194 33
194 76
194 236
194 272
194 364
194 431
194 457
194 483
195 174
195 192
195 481
195 487
196 21
196 44
196 145
196 155
196 183
196 202
196 251
196 302
196 314
196 315
196 341
196 413
196 486
197 43
197 47
197 111
197 138
197 143
197 182
197 201
197 242
197 275
197 328
197 389
197 424
197 454
197 455
197 495
198 33
198 73
198 81
198 188
198 192
198 269
198 372
198 493
199 61
199 72
199 106
199 124
199 132
199 182
199 285
199 325
199 359
199 383
199 456
200 29
200 50
200 56
200 72
200 108
200 263
200 367
200 394
200 426
200 454
201 4
201 57
201 197
201 221
201 235
201 261
201 280
201 418
201 457
201 498
202 5
202 91
202 168
202 172
202 196
202 236
202 243
202 261
202 308
202 352
202 362
202 390
202 403
202 458
202 464
202 469
203 0
203 2
203 142
203 170
203 179
203 217
203 230
203 238
203 310
203 342
203 474
203 478
204 112
204 154
204 228
204 341
204 366
204 396
204 397
204 404
204 439
204 467
205 57
205 90
205 104
205 129
205 173
205 183
205 206
205 214
205 278
205 331
205 333
205 335
205 420
206 27
206 49
206 128
206 148
206 205
206 242
206 245
206 258
206 288
206 307
206 338
206 347
206 360
206 492
207 116
207 143
207 212
207 247
207 302
207 303
207 451
207 478
208 6
208 18
208 38
208 183
208 190
208 307
208 337
209 23
209 230
209 294
209 372
209 406
209 416
209 423
209 464
210 1
210 126
210 163
210 193
210 267
210 295
210 310
210 432
210 449
210 459
210 480
211 269
211 367
211 436
211 448
212 43
212 193
212 207
212 234
212 288
212 290
212 382
212 453
213 6
213 55
213 125
213 149
213 158
213 183
213 328
213 333
213 375
213 407
213 451
214 22
214 28
214 58
214 205
214 382
214 388
214 391
215 48
215 90
215 318
215 353
215 381
215 407
215 431
215 444
215 488
216 9
216 95
216 125
216 141
216 172
216 183
216 239
216 322
216 394
216 412
216 426
216 440
216 443
217 70
217 90
217 105
217 134
217 141
217 186
217 203
217 236
217 317
217 411
217 415
217 446
217 459
218 5
218 19
218 56
218 72
218 87
218 320
218 410
218 415
218 463
218 474
219 65
219 77
219 134
219 174
219 182
219 253
219 269
219 273
219 294
219 300
219 370
219 392
220 8
220 34
220 39
220 69
220 88
220 123
220 283
220 303
220 308
220 347
220 446
220 450
221 62
221 107
221 201
221 224
221 258
221 401
221 411
221 457
221 493
222 166
222 169
222 188
222 227
222 237
222 277
222 282
222 340
222 470
223 51
223 186
223 285
223 352
223 357
224 2
224 77
224 83
224 85
224 221
224 239
224 245
224 288
224 484
224 488
224 495
225 37
225 164
225 183
225 242
225 356
225 463
225 490
225 495
226 37
226 64
226 143
226 158
226 166
226 233
226 287
226 446
226 472
227 54
227 87
227 130
227 151
227 222
227 231
227 238
227 246
227 294
227 296
227 318
227 371
227 400
227 433
227 457
228 44
228 46
228 141
228 171
228 204
228 229
228 314
228 341
228 465
229 139
229 152
229 172
229 186
229 228
229 318
229 369
229 397
229 474
230 14
230 60
230 87
230 169
230 192
230 203
230 209
230 262
230 293
230 318
230 399
230 435
230 452
230 499
231 53
231 103
231 122
231 183
231 227
231 243
232 118
232 298
232 384
233 2
233 90
233 94
233 143
233 226
233 290
233 374
234 23
234 104
234 212
234 247
234 361
234 431
234 443
234 480
235 25
235 93
235 114
235 119
235 158
235 201
235 242
235 248
235 249
235 264
235 329
235 366
235 428
235 447
235 459
236 36
236 42
236 56
236 63
236 102
236 114
236 121
236 143
236 180
236 194
236 202
236 217
236 240
236 292
236 342
236 357
236 361
236 370
236 396
237 3
237 49
237 51
237 58
237 98
237 106
237 222
237 289
237 364
237 424
237 499
238 67
238 69
238 71
238 163
238 203
238 227
238 250
238 488
239 33
239 144
239 216
239 224
239 288
239 404
239 436
240 28
240 29
240 56
240 116
240 236
240 242
240 249
240 305
240 310
240 346
240 372
240 422
240 451
241 40
241 53
241 126
241 146
241 149
241 171
241 186
241 272
241 297
241 367
241 383
241 405
242 1
242 155
242 186
242 197
242 206
242 225
242 235
242 240
242 284
242 329
243 9
243 98
243 119
243 144
243 156
243 166
243 202
243 231
243 302
243 319
243 416
243 420
243 424
243 428
243 446
243 457
244 1
244 113
244 164
244 265
244 268
244 286
244 344
244 397
244 448
244 467
245 93
245 109
245 155
245 206
245 224
245 249
245 302
246 106
246 227
246 298
246 305
246 350
246 404
246 459
246 475
247 44
247 51
247 207
247 234
247 296
247 409
247 412
247 473
247 493
248 67
248 118
248 179
248 235
248 440
248 444
248 477
249 66
249 84
249 90
249 172
249 235
249 240
249 245
249 310
249 320
249 432
249 481
250 134
250 156
250 238
250 364
250 413
250 416
250 462
250 489
251 43
251 45
251 85
251 164
251 165
251 196
251 430
251 459
251 462
252 40
252 139
252 284
252 356
252 405
252 420
252 439
253 5
253 32
253 219
253 260
253 342
253 425
253 457
254 190
254 276
254 289
254 306
254 333
254 364
255 36
255 60
255 112
255 116
255 129
255 153
255 275
255 325
255 348
255 354
255 373
255 440
255 469
255 493
256 33
256 52
256 98
256 107
256 123
256 185
256 279
256 283
256 420
257 32
257 56
257 80
257 124
257 136
257 143
257 275
257 279
257 359
257 425
257 454
257 455
258 43
258 44
258 55
258 144
258 160
258 189
258 206
258 221
258 267
258 373
258 392
259 116
259 151
259 285
259 304
259 348
259 412
260 42
260 131
260 153
260 253
260 325
260 379
260 387
260 425
260 470
261 66
261 193
261 201
261 202
261 314
261 323
261 386
261 402
261 492
262 2
262 66
262 68
262 96
262 130
262 230
262 289
262 306
262 333
262 475
263 167
263 190
263 200
263 348
263 379
264 11
264 60
264 150
264 161
264 235
264 324
264 367
265 125
265 169
265 244
265 295
265 320
265 422
265 443
266 20
266 22
266 47
266 100
266 104
266 155
266 183
266 467
267 8
267 19
267 32
267 44
267 66
267 149
267 172
267 210
267 258
267 275
267 285
267 341
267 446
267 494
268 9
268 131
268 244
268 273
268 359
268 402
268 409
268 436
268 485
269 45
269 47
269 102
269 119
269 142
269 198
269 211
269 219
269 299
269 321
269 333
269 454
269 473
270 55
270 72
270 149
270 164
270 178
270 334
270 357
270 453
270 490
271 0
271 42
271 145
271 275
271 403
271 433
271 436
271 452
271 479
272 49
272 141
272 194
272 241
272 276
272 409
272 410
272 442
272 481
273 125
273 183
273 219
273 268
273 276
273 288
273 324
273 342
273 363
273 399
273 427
273 437
273 461
273 476
274 48
274 152
274 165
274 351
274 438
274 462
274 474
274 492
274 497
275 16
275 121
275 127
275 144
275 197
275 255
275 257
275 267
275 271
275 288
275 291
275 301
275 385
275 452
275 459
276 53
276 67
276 78
276 149
276 156
276 162
276 184
276 254
276 272
276 273
276 305
276 317
276 374
276 383
276 403
277 113
277 165
277 222
277 456
277 493
278 40
278 62
278 205
278 352
278 371
279 12
279 57
279 70
279 108
279 113
279 116
279 118
279 256
279 257
279 320
279 328
279 374
279 404
279 440
279 444
279 465
279 492
280 16
280 103
280 124
280 125
280 201
280 281
280 310
280 344
280 453
280 476
281 28
281 51
281 76
281 101
281 108
281 191
281 280
281 330
281 362
281 409
281 438
281 446
282 32
282 49
282 64
282 166
282 176
282 222
282 306
282 340
282 382
282 417
282 461
283 31
283 64
283 68
283 92
283 172
283 176
283 180
283 220
283 256
283 317
283 336
283 400
283 404
283 458
283 476
284 37
284 53
284 101
284 242
284 252
284 458
284 472
284 484
284 493
285 20
285 43
285 87
285 116
285 199
285 223
285 259
285 267
285 382
285 484
286 45
286 59
286 81
286 123
286 137
286 182
286 244
286 422
287 46
287 48
287 98
287 121
287 137
287 180
287 226
287 304
287 382
287 422
288 19
288 47
288 56
288 206
288 212
288 224
288 239
288 273
288 275
288 296
288 341
288 449
288 465
289 35
289 41
289 237
289 254
289 262
289 290
289 388
289 418
289 453
289 460
290 18
290 99
290 183
290 212
290 233
290 289
290 372
291 72
291 99
291 132
291 157
291 275
291 357
291 459
292 47
292 66
292 125
292 236
292 355
292 413
292 429
292 472
292 474
293 6
293 145
293 154
293 155
293 169
293 175
293 230
293 312
293 387
293 389
293 392
293 394
293 432
293 474
293 475
294 90
294 104
294 117
294 170
294 209
294 219
294 227
294 312
294 453
294 498
295 48
295 55
295 87
295 181
295 210
295 265
295 342
296 7
296 52
296 56
296 98
296 158
296 159
296 176
296 227
296 247
296 288
296 313
296 369
296 463
297 158
297 173
297 181
297 241
297 383
297 438
297 466
297 487
298 15
298 43
298 74
298 79
298 153
298 171
298 232
298 246
298 300
298 324
298 380
298 413
298 430
298 459
298 465
299 79
299 110
299 132
299 269
299 313
299 380
299 477
299 480
299 485
299 491
300 20
300 108
300 113
300 166
300 185
300 219
300 298
300 357
300 373
300 419
300 475
301 37
301 60
301 108
301 147
301 275
301 343
301 408
301 467
302 21
302 91
302 152
302 155
302 156
302 191
302 196
302 207
302 243
302 245
302 426
302 451
302 464
303 90
303 125
303 142
303 147
303 207
303 220
303 383
303 417
303 435
303 492
304 152
304 175
304 259
304 287
304 306
304 390
304 392
304 401
304 415
304 477
305 46
305 101
305 119
305 240
305 246
305 276
305 339
305 349
305 390
306 36
306 94
306 112
306 254
306 262
306 282
306 304
306 427
306 464
306 493
306 496
307 93
307 119
307 148
307 206
307 208
307 461
307 483
307 484
308 17
308 79
308 121
308 158
308 202
308 220
308 339
308 400
308 408
309 0
309 64
309 72
309 108
309 128
309 315
309 334
309 372
309 392
310 73
310 75
310 81
310 155
310 203
310 210
310 240
310 249
310 280
310 313
310 314
310 337
310 410
310 495
311 18
311 73
311 110
311 331
311 382
311 400
311 430
311 484
311 489
312 4
312 5
312 26
312 61
312 157
312 184
312 186
312 293
312 294
312 469
313 3
313 8
313 22
313 39
313 64
313 90
313 163
313 188
313 296
313 299
313 310
314 64
314 65
314 132
314 181
314 196
314 228
314 261
314 310
314 317
314 340
314 361
314 378
314 404
314 458
314 477
315 19
315 72
315 130
315 138
315 189
315 196
315 309
315 332
315 386
315 418
315 443
315 448
316 48
316 113
316 156
316 322
316 401
316 425
316 460
316 476
316 483
317 3
317 56
317 83
317 151
317 217
317 276
317 283
317 314
317 463
317 491
318 41
318 91
318 95
318 134
318 215
318 227
318 229
318 230
318 342
318 397
318 428
319 70
319 243
319 387
319 448
320 28
320 66
320 143
320 171
320 186
320 218
320 249
320 265
320 279
320 398
320 413
320 416
321 32
321 37
321 109
321 116
321 121
321 168
321 269
321 490
322 20
322 164
322 169
322 188
322 216
322 316
322 428
322 433
322 449
322 495
323 5
323 14
323 23
323 74
323 80
323 188
323 261
323 324
323 490
324 28
324 45
324 110
324 118
324 179
324 264
324 273
324 298
324 323
324 331
324 332
324 349
324 429
325 13
325 199
325 255
325 260
325 336
325 347
325 401
325 410
325 443
326 77
326 131
326 132
326 147
326 394
327 128
327 330
327 447
328 41
328 60
328 134
328 145
328 168
328 189
328 197
328 213
328 279
328 365
328 383
328 437
328 463
329 91
329 103
329 142
329 150
329 235
329 242
329 361
329 371
329 426
329 440
329 459
330 18
330 119
330 281
330 327
330 344
330 369
330 371
330 392
330 417
330 490
331 6
331 103
331 144
331 151
331 167
331 173
331 205
331 311
331 324
331 338
331 409
331 435
331 446
331 485
332 38
332 57
332 111
332 117
332 315
332 324
332 382
332 412
332 441
333 76
333 122
333 156
333 163
333 205
333 213
333 254
333 262
333 269
333 344
333 372
333 392
333 455
334 38
334 108
334 122
334 131
334 270
334 309
334 407
334 457
334 466
334 480
335 24
335 35
335 87
335 153
335 167
335 184
335 205
335 423
335 446
336 98
336 133
336 142
336 283
336 325
336 391
336 469
336 479
336 491
337 54
337 208
337 310
337 499
338 22
338 47
338 60
338 206
338 331
338 367
338 471
339 30
339 42
339 305
339 308
339 360
339 376
340 18
340 20
340 24
340 33
340 153
340 163
340 172
340 222
340 282
340 314
340 438
341 43
341 61
341 196
341 204
341 228
341 267
341 288
341 466
342 132
342 164
342 203
342 236
342 253
342 273
342 295
342 318
342 386
342 420
343 21
343 27
343 74
343 115
343 180
343 301
343 399
343 429
343 456
344 20
344 104
344 160
344 165
344 244
344 280
344 330
344 333
344 355
344 392
344 433
344 438
344 486
344 493
345 79
345 92
345 128
345 130
345 178
345 410
345 421
345 482
345 493
346 105
346 140
346 240
346 414
346 415
346 434
347 100
347 180
347 206
347 220
347 325
347 348
347 405
347 412
347 445
347 468
347 489
347 496
348 10
348 85
348 126
348 255
348 259
348 263
348 347
348 384
348 400
348 472
348 498
349 6
349 53
349 64
349 72
349 127
349 157
349 305
349 324
349 373
349 391
349 460
350 18
350 55
350 85
350 141
350 246
350 445
350 465
351 96
351 135
351 274
351 469
352 32
352 39
352 131
352 137
352 152
352 177
352 202
352 223
352 278
353 79
353 215
353 368
353 401
354 165
354 170
354 255
354 398
354 427
354 496
355 58
355 64
355 75
355 145
355 184
355 292
355 344
355 462
356 107
356 119
356 142
356 149
356 225
356 252
356 359
356 400
356 446
356 450
357 13
357 101
357 107
357 138
357 151
357 223
357 236
357 270
357 291
357 300
357 373
357 384
358 11
358 13
358 49
358 55
358 69
358 76
358 92
358 167
358 182
358 364
358 409
358 420
358 433
358 444
358 450
359 28
359 43
359 77
359 161
359 174
359 199
359 257
359 268
359 356
359 362
359 384
359 415
359 466
360 193
360 206
360 339
360 373
360 398
360 409
360 415
360 457
360 470
360 477
360 495
361 27
361 74
361 90
361 121
361 158
361 234
361 236
361 314
361 329
361 425
361 459
362 124
362 140
362 144
362 173
362 202
362 281
362 359
362 429
363 64
363 72
363 136
363 161
363 273
363 442
363 449
363 462
363 491
364 11
364 73
364 102
364 194
364 237
364 250
364 254
364 358
364 387
364 396
364 458
365 19
365 94
365 328
365 427
365 475
366 12
366 46
366 68
366 146
366 178
366 182
366 204
366 235
366 434
366 444
366 469
366 489
367 127
367 132
367 161
367 181
367 200
367 211
367 241
367 264
367 338
367 399
367 457
367 460
368 19
368 41
368 85
368 150
368 353
368 422
368 495
369 40
369 41
369 88
369 161
369 190
369 229
369 296
369 330
370 64
370 169
370 219
370 236
370 371
370 415
370 482
371 90
371 118
371 227
371 278
371 329
371 330
371 370
371 372
372 14
372 34
372 41
372 61
372 70
372 71
372 95
372 138
372 177
372 198
372 209
372 240
372 290
372 309
372 333
372 371
372 417
372 430
372 438
372 446
372 462
373 2
373 27
373 48
373 67
373 84
373 255
373 258
373 300
373 349
373 357
373 360
373 405
373 445
373 469
374 30
374 52
374 62
374 88
374 116
374 160
374 233
374 276
374 279
374 378
375 36
375 144
375 186
375 213
375 395
375 471
376 7
376 106
376 149
376 339
377 0
377 27
377 33
377 47
377 85
377 89
377 111
377 125
377 130
377 143
377 144
377 380
377 471
377 486
378 29
378 314
378 374
378 429
378 473
379 8
379 155
379 159
379 260
379 263
379 416
379 427
379 433
379 444
379 482
380 47
380 53
380 177
380 298
380 299
380 377
381 15
381 30
381 103
381 112
381 215
381 411
382 32
382 63
382 137
382 212
382 214
382 282
382 285
382 287
382 311
382 332
382 415
382 421
382 434
382 440
382 465
383 84
383 199
383 241
383 276
383 297
383 303
383 328
383 394
383 413
383 444
383 476
383 487
384 5
384 37
384 232
384 348
384 357
384 359
384 403
385 56
385 62
385 97
385 153
385 158
385 275
385 489
386 83
386 113
386 139
386 140
386 142
386 148
386 261
386 315
386 342
386 406
386 468
386 474
387 4
387 38
387 88
387 130
387 260
387 293
387 319
387 364
387 413
387 437
387 441
387 494
388 53
388 114
388 127
388 144
388 168
388 214
388 289
388 402
388 404
388 427
388 431
388 476
388 497
389 17
389 20
389 62
389 138
389 183
389 187
389 197
389 293
389 411
389 436
389 499
390 32
390 64
390 86
390 87
390 118
390 146
390 177
390 202
390 304
390 305
390 449
391 55
391 101
391 115
391 141
391 143
391 214
391 336
391 349
391 401
391 432
391 439
391 484
392 49
392 54
392 95
392 103
392 170
392 219
392 258
392 293
392 304
392 309
392 330
392 333
392 344
392 425
392 463
392 485
393 11
393 141
393 182
393 459
393 490
394 62
394 64
394 129
394 185
394 200
394 216
394 293
394 326
394 383
394 441
394 489
394 495
395 34
395 110
395 113
395 375
395 397
396 22
396 39
396 94
396 95
396 204
396 236
396 364
396 465
396 499
397 21
397 55
397 59
397 79
397 112
397 131
397 168
397 204
397 229
397 244
397 318
397 395
397 447
397 480
397 492
398 2
398 10
398 33
398 66
398 92
398 129
398 163
398 320
398 354
398 360
398 410
398 478
398 491
399 68
399 124
399 149
399 183
399 230
399 273
399 343
399 367
399 476
400 23
400 32
400 108
400 157
400 227
400 283
400 308
400 311
400 348
400 356
400 454
400 472
400 487
401 131
401 140
401 221
401 304
401 316
401 325
401 353
401 391
401 468
402 13
402 15
402 44
402 68
402 90
402 176
402 261
402 268
402 388
402 444
403 37
403 38
403 39
403 63
403 152
403 178
403 188
403 202
403 271
403 276
403 384
403 449
403 478
404 18
404 54
404 159
404 204
404 239
404 246
404 279
404 283
404 314
404 388
404 447
404 450
404 477
404 490
405 23
405 57
405 120
405 127
405 241
405 252
405 347
405 373
405 426
405 476
406 41
406 163
406 166
406 190
406 209
406 386
406 409
406 412
406 435
406 439
406 440
407 59
407 128
407 132
407 213
407 215
407 334
407 418
408 12
408 72
408 122
408 161
408 301
408 308
408 440
408 443
408 448
408 455
409 8
409 39
409 44
409 66
409 71
409 73
409 77
409 247
409 268
409 272
409 281
409 331
409 358
409 360
409 406
409 450
410 42
410 118
410 133
410 136
410 159
410 218
410 272
410 310
410 325
410 345
410 398
411 13
411 26
411 37
411 99
411 114
411 116
411 217
411 221
411 381
411 389
411 426
411 469
411 473
411 489
412 43
412 96
412 169
412 216
412 247
412 259
412 332
412 347
412 406
412 430
412 440
412 472
412 491
413 21
413 98
413 128
413 176
413 196
413 250
413 292
413 298
413 320
413 383
413 387
413 420
413 472
413 492
414 31
414 50
414 59
414 97
414 130
414 138
414 346
414 432
414 440
414 444
415 1
415 34
415 47
415 173
415 217
415 218
415 304
415 346
415 359
415 360
415 370
415 382
415 427
415 482
416 5
416 38
416 209
416 243
416 250
416 320
416 379
416 448
416 490
417 7
417 41
417 59
417 121
417 131
417 137
417 171
417 282
417 303
417 330
417 372
417 445
418 5
418 10
418 25
418 32
418 74
418 90
418 180
418 201
418 289
418 315
418 407
418 422
418 450
418 489
419 46
419 300
419 451
420 17
420 30
420 32
420 71
420 124
420 128
420 205
420 243
420 252
420 256
420 342
420 358
420 413
420 461
420 468
420 498
421 37
421 43
421 114
421 116
421 179
421 345
421 382
421 446
421 494
422 27
422 166
422 240
422 265
422 286
422 287
422 368
422 418
422 438
422 446
422 454
422 486
423 38
423 209
423 335
423 459
424 162
424 197
424 237
424 243
424 467
424 488
425 253
425 257
425 260
425 316
425 361
425 392
425 486
426 87
426 137
426 171
426 200
426 216
426 302
426 329
426 405
426 411
427 104
427 125
427 134
427 147
427 174
427 273
427 306
427 354
427 365
427 379
427 388
427 415
428 23
428 31
428 112
428 139
428 166
428 235
428 243
428 318
428 322
429 94
429 143
429 151
429 292
429 324
429 343
429 362
429 378
430 18
430 51
430 70
430 140
430 174
430 182
430 251
430 298
430 311
430 372
430 412
431 14
431 59
431 70
431 138
431 194
431 215
431 234
431 388
431 475
432 4
432 6
432 65
432 74
432 76
432 175
432 210
432 249
432 293
432 391
432 414
432 444
432 455
432 457
432 463
433 135
433 227
433 271
433 322
433 344
433 358
433 379
433 458
433 491
434 10
434 59
434 126
434 346
434 366
434 382
435 56
435 97
435 104
435 191
435 230
435 303
435 331
435 406
435 474
436 37
436 93
436 160
436 211
436 239
436 268
436 271
436 389
436 455
437 131
437 273
437 328
437 387
438 107
438 111
438 117
438 139
438 181
438 274
438 281
438 297
438 340
438 344
438 372
438 422
438 447
438 460
438 468
438 494
438 495
439 8
439 15
439 111
439 183
439 204
439 252
439 391
439 406
439 471
440 26
440 77
440 155
440 216
440 248
440 255
440 279
440 329
440 382
440 406
440 408
440 412
440 414
440 443
440 449
441 43
441 50
441 56
441 130
441 332
441 387
441 394
441 454
441 455
442 35
442 104
442 137
442 272
442 363
442 455
442 463
442 478
443 37
443 115
443 159
443 216
443 234
443 265
443 315
443 325
443 408
443 440
443 464
444 115
444 215
444 248
444 279
444 358
444 366
444 379
444 383
444 402
444 414
444 432
445 48
445 163
445 347
445 350
445 373
445 417
445 460
445 477
446 13
446 49
446 104
446 129
446 145
446 148
446 192
446 217
446 220
446 226
446 243
446 267
446 281
446 331
446 335
446 356
446 372
446 421
446 422
446 450
446 460
447 58
447 105
447 123
447 126
447 166
447 192
447 235
447 327
447 397
447 404
447 438
447 458
448 28
448 54
448 58
448 88
448 94
448 134
448 185
448 187
448 211
448 244
448 315
448 319
448 408
448 416
449 38
449 68
449 95
449 146
449 158
449 170
449 210
449 288
449 322
449 363
449 390
449 403
449 440
450 54
450 123
450 164
450 220
450 356
450 358
450 404
450 409
450 418
450 446
451 5
451 26
451 57
451 150
451 207
451 213
451 240
451 302
451 419
452 51
452 62
452 117
452 127
452 190
452 230
452 271
452 275
453 20
453 100
453 109
453 135
453 212
453 270
453 280
453 289
453 294
454 74
454 118
454 197
454 200
454 257
454 269
454 400
454 422
454 441
455 23
455 59
455 139
455 149
455 163
455 187
455 197
455 257
455 333
455 408
455 432
455 436
455 441
455 442
455 459
455 488
455 492
456 19
456 147
456 184
456 199
456 277
456 343
456 460
456 498
457 8
457 72
457 112
457 194
457 201
457 221
457 227
457 243
457 253
457 334
457 360
457 367
457 432
458 21
458 78
458 184
458 202
458 283
458 284
458 314
458 364
458 433
458 447
458 490
459 66
459 89
459 130
459 210
459 217
459 235
459 246
459 251
459 275
459 291
459 298
459 329
459 361
459 393
459 423
459 455
459 469
460 51
460 123
460 133
460 183
460 289
460 316
460 349
460 367
460 438
460 445
460 446
460 456
461 8
461 29
461 38
461 126
461 133
461 273
461 282
461 307
461 420
462 126
462 145
462 159
462 175
462 250
462 251
462 274
462 355
462 363
462 372
463 53
463 133
463 145
463 218
463 225
463 296
463 317
463 328
463 392
463 432
463 442
464 7
464 32
464 40
464 44
464 65
464 122
464 129
464 192
464 202
464 209
464 302
464 306
464 443
465 53
465 90
465 114
465 228
465 279
465 288
465 298
465 350
465 382
465 396
466 9
466 103
466 176
466 297
466 334
466 341
466 359
467 4
467 23
467 44
467 76
467 95
467 204
467 244
467 266
467 301
467 424
468 6
468 19
468 30
468 151
468 162
468 347
468 386
468 401
468 420
468 438
468 479
469 76
469 95
469 124
469 139
469 202
469 255
469 312
469 336
469 351
469 366
469 373
469 411
469 459
469 492
470 14
470 38
470 45
470 58
470 59
470 74
470 179
470 222
470 260
470 360
471 176
471 338
471 375
471 377
471 439
471 496
472 32
472 77
472 153
472 226
472 284
472 292
472 348
472 400
472 412
472 413
472 477
472 499
473 137
473 159
473 180
473 247
473 269
473 378
473 411
474 59
474 101
474 143
474 189
474 203
474 218
474 229
474 274
474 292
474 293
474 386
474 435
475 4
475 58
475 110
475 172
475 183
475 246
475 262
475 293
475 300
475 365
475 431
476 42
476 131
476 273
476 280
476 283
476 316
476 383
476 388
476 399
476 405
477 30
477 59
477 95
477 182
477 248
477 299
477 304
477 314
477 360
477 404
477 445
477 472
478 3
478 45
478 49
478 64
478 122
478 132
478 140
478 152
478 158
478 178
478 203
478 207
478 398
478 403
478 442
479 1
479 59
479 62
479 120
479 162
479 271
479 336
479 468
479 481
480 42
480 54
480 67
480 122
480 132
480 168
480 210
480 234
480 299
480 334
480 397
480 487
481 62
481 88
481 104
481 135
481 195
481 249
481 272
481 479
482 2
482 9
482 50
482 52
482 192
482 345
482 370
482 379
482 415
483 68
483 194
483 307
483 316
483 492
483 494
484 18
484 24
484 110
484 141
484 224
484 284
484 285
484 307
484 311
484 391
484 488
485 63
485 131
485 181
485 268
485 299
485 331
485 392
486 39
486 99
486 127
486 196
486 344
486 377
486 422
486 425
487 2
487 22
487 83
487 98
487 105
487 121
487 171
487 193
487 195
487 297
487 383
487 400
487 480
487 490
488 40
488 75
488 215
488 224
488 238
488 424
488 455
488 484
489 4
489 44
489 141
489 250
489 311
489 347
489 366
489 385
489 394
489 411
489 418
490 45
490 225
490 270
490 321
490 323
490 330
490 393
490 404
490 416
490 458
490 487
491 38
491 52
491 86
491 128
491 148
491 165
491 299
491 317
491 336
491 363
491 398
491 412
491 433
492 10
492 70
492 88
492 94
492 142
492 178
492 206
492 261
492 274
492 279
492 303
492 397
492 413
492 455
492 469
492 483
493 83
493 143
493 146
493 198
493 221
493 247
493 255
493 277
493 284
493 306
493 344
493 345
494 0
494 9
494 152
494 267
494 387
494 421
494 438
494 483
495 40
495 197
495 224
495 225
495 310
495 322
495 360
495 368
495 394
495 438
496 42
496 132
496 306
496 347
496 354
496 471
497 18
497 19
497 45
497 73
497 83
497 158
497 175
497 188
497 274
497 388
498 85
498 86
498 170
498 201
498 294
498 348
498 420
498 456
499 7
499 24
499 50
499 58
499 93
499 106
499 108
499 116
499 230
499 237
499 337
499 389
499 396
499 472
