5.29146
3.24302
2.7306
3.9556
5.43782
4.83734
21.5833
18.9795

21.3965
19.9447

0.0336
0.0278
0.0352

3.03568
0.0346
0.03328

0.03628
0.03564
0.03484
-1.496
97.626
97.562
97.454
12.8
0.048
4.87
2.644
4.416
27.0898
50.9968
50.906
50.9562
21.5094
9.2302
9.2914
4.8544
33.578
21.062
31.652
9.42
3.48
3.54
14.12
8.72
7.44
5.2
2
2.4
0
0
0
50.86
25.12
9.4
4.86
29.38
6.82
14.48
8.962
6.682
8.972
32.0753
27.6185
29.3586
30.7911
22.7672
22.0366
16.7434
11.4654
29.5631
20.6532
23.0719
35.1171
26.2156
25.5071
0
0
0
0.042
0.034
0.038
9.302
9.2996
0.0332
0.0304
0.0344
76.0307
62.418
0.0334
0.031
0.0326
26.948
16.752
27.0358
27.0764
0.0342
0.0326
0.0346
52.83
52.134
5.0388
5.0548
5.0818
4.92868
4.66106
4.89566
9.66902
9.6856
9.66482
0.048
0.022
0.054
34.142
34.054
34.008
32.476
33.036
32.534
0.042
0.036
0.02
0.034
0.042
0.042
0.042
0.028
30.7252
30.6324
30.7054
0.0318
0.0364
0.0336
4.4906
4.4558
4.493
5.061
5.0028
5.0336
37.7168
37.8026
37.872
0.0374
0.0314
0.0284
0.0388
0.0314
35.9726
36.0632
36.0894
54.1352
54.0987
54.1027
4.89578
4.90452
4.9111
9.4604
9.4299
9.4292
4.90868
4.90084
4.9111
9.5778
4.50143
4.50277
4.91667
8.9529
8.92933
8.94243
34.3365
34.3075
34.3056
0.0339667
0.0321
0.0321667
31.8994
31.8814
31.8891
9.482
9.44877
9.44633
0.0326667
0.0333
0.0333
4.92613
4.9327
4.90783
30.7949
30.8185
9.18503
9.23587
9.20783
0.0338
0.0345333
0.0335
0.026
0.024
0.042
0.0342
0.0314
0.0316
0.032
0.0334
0.03336
0.03334
0.033
0.03336
0.032
0.032
0.0334
0.035
0.03358
0.03476
0.0321667
0.0331667
0.03442
0.034
0.03328
0.03304
0.03272
0.03302
0.03408
0.0333
0.03328
0.0329
0.0322
0.03384
0.03264
0.03242
0.03334
0.03226
0.0341
0.0336
0.0320667
0.0326
0.0319
0.03264
0.03452
0.03264
0.03312
0.03264
0.03174
0.03296
0.03304
0.0335
0.03466
0.0333
0.03312
0.03078
0.03324
0.03104
0.03416
0.0324
0.03396
0.0333
0.03274
0.03294
0.0337
0.03414
0.03456
0.03204
26.4563
0.0325
0.03322
0.03232
0.03216
0.03312
0.0318
0.03392
0.03282
0.03216
0.0333
0.03288
0.03258
0.03348
0.03354
0.03262
0.03276
0.03542
0.03266
0.03336
0.03392
0.03124
0.03398
0.03426
0.03384
0.03326
0.03252
0.03246
0.03376
0.0338
0.03208
0.03264
0.03374
0.03428
0.0331
0.03262
0.0313
0.0354333
0.0328
0.03268
0.03268
0.0324
0.03308
0.03262
0.03416
0.03438
0.03258
0.03292
0.032
0.03492
0.03382
0.0338
0.03288
0.03414
0.03352
0.03264
0.03398
0.03376
0.03358
0.0341
0.03286
0.03116
0.03348
0.03352
0.03218
0.0324
0.0335
0.0335
64.4182
29.6215
0.033708
0.03299
17.2052
14.0539
11.7981
11.4494
14.444
16.2143
14.992
4.76264
12.0934
1.83304
1.7193
0.3872
6.32926
0.319
1.66168
20.6502
0.03284
0.03318
0.03294
0.03374
0.03288
0.0317
0.03352
0.0334
0.0335
0.03456
3.62932
0.26844
2.54488
0.03344
1.90283
0.033456
0.032996
0.033242
0.032728
0.154372
0.03422
0.03308
0.03322
0.03254
0.03366
0.03194
0.032744
0.03464
0.03256
0.0325
0.0336
0.0328
0.033202
0.03298
0.03236
0.03314
0.03276
0.03286
0.034
0.03306
0.03256
0.03178
0.03358
0.03304
0.03292
0.03316
0.03294
0.03378
0.033
0.03328
0.033
0.03454
0.03316
0.03542
0.0348
0.0323
0.03244
0.0322
0.03444
0.03374
0.03488
0.03368
0.0388
0.0296
0.032
0.031
0.0326
6.84814
8.8331
9.22726
18.4472
18.8369
18.306
0.02
0.04
0
0.042
0.052
0.026
11.4572
7.7162
12.1082
99.999
99.999
23.9138
23.1314
4.754
0.04
0.556
4.056
4.652
2.074
1.152
0.02
0.04
0.04
0.02
0.04
0.08
0.06
0.06
0.04
0.04
0.06
0.06
0
14.5333
15.9805
17.5974
18.2526
18.5305
32.5363
32.8221
32.2811
32.6721
32.7607
17.4886
1.08318
14.4036
0.03414
13.1833
8.15518
0.03336
0.3334
8.60546
0.93378
0.41524
0.03236
0.03242
0.03302
0.03398
0.03294
0.03216
8.34528
2.1595
1.92834
10.3963
3.90888
2.41312
0.03316
0.03276
0.03258
2.10452
0.0327
0.1817
0.06712
0.07262
0.21132
0.07134
0.1594
0.14054
0.20026
0.05636
0.09072
0.06152
0.09102
0.2507
0.13116
0.13638
0.3633
0.20584
0.40244
0.84738
0.1443
0.40634
0.0594
0.24156
0.42354
0.20926
0.27834
1.4887
2.01678
5.15512
2.94952
2.507
3.3433
2.59076
1.04654
1.73782
2.51388
0.0866
0.0314
0.7294
0.5118
0.0328
0.0746
0.0388
0.0368
0.0322
0.035
0.04674
0.16072
0.1763
0.11212
0.14844
0.03436
0.0388
0.03344
0.0444
0.03336
0.0322
0.03276
0.0328
0.0335
0.0344
42.645
42.6426
42.6376
42.508
42.678
42.7236
42.7366
42.644
42.703
51.5406
0.0327
0.03802
0.03438
42.6323
42.6647
42.6733
42.698
42.714
42.824
0.03
0.038
0.03
43.26
41.54
42.18
41.8
42.78
42.5
43.54
42.1
43.42
43
42.8
43.3
42.42
42.56
42.32
42.18
60.16
59.32
60.12
100
64.72
63.94
64.18
0.06
0.06
0.02
0.03278
0.03466
0.03408
0.03228
0.03536
0.03272
0.03306
0.03404
0.03336
0.03388
0.03406
0.03254
0.03332
12.3768
0.032962
0.034112
10.9278
0.033176
0.032316
0.033212
0.032726
11.861
0.033944
0.032952
0.03322
0.033596
11.4722
0.032704
0.033148
0.033308
0.033632
6.67825
0.033092
0.033804
0.032932
0.033368
11.6112
0.033336
0.03307
0.033414
0.032386
0.03321
0.032628
0.033074
0.60596
0.455278
0.0333
0.03422
0.03256
0.03298
0.03366
0.03116
0.03312
0.03308
0.03536
0.0335
0.03334
0.03456
0.03398
0.03412
0.03368
0.03842
0.03172
0.03184
0.03292
0.03322
0.03324
0.04402
0.03216
0.03852
0.03366
0.0322
0.03324
0.03214
0.0329
0.03232
0.0347
0.03284
0.03114
0.03402
0.03438
0.03286
0.0332
0.0416
0.05328
0.0504
0.04908
0.04308
0.04994
0.04492
0.03488
0.04842
0.05062
0.03452
0.03282
0.04128
0.03412
0.03906
0.34776
0.33426
0.31284
2.82706
2.63136
3.01642
0.03578
0.06522
0.14208
0.0483
0.05312
0.04632
0.03344
0.03238
0.03598
8.71678
13.198
13.8059
0.0556
0.41588
0.2396
0.1244
0.19144
0.17302
0.03366
0.03348
0.03278
0.03274
0.03246
0.03224
0.03258
0.032
0.03364
0.0333
0.03378
0.03362
0.03252
0.03454
0.03418
0.03366
0.0331
0.03466
0.03224
0.03224
0.03214
0.03172
0.0319
0.03506
0.03106
0.03608
0.03352
0.03464
0.03106
0.03384
0.03368
0.03416
0.0343
0.03386
0.03596
0.03326
