39.587
40.518
40.909
40.267
39.27
39.292
29.483
28.646

29.498
28.766

6.402
5.839
7.138

25.942
26.808
27.153

23.047
23.424
23.007
0.003
0.003
0.003
0.004
19.999
1.585
1.772
1.709
1.707
3.007
2.173
1.828
1.769
3.177
3.46
3.422
3.662
1.179
1.298
1.254
1.572
1.218
1.218
1.116
1.465
1.057
1.158
0.806
0.957
0.963
0.907
1.313
0.623
0.558
0.759
1.231
1.11
1.109
1.164
1.929
1.54
1.325
18.775
17.527
18.653
16.671
15.804
14.644
13.09
13.101
11.844
12.448
11.747
17.901
19.095
18.45
1.565
1.361
1.321
2.171
1.847
1.727
3.848
3.613
3.731
4.158
3.69
1.66788e+09
1.66788e+09
3.971
3.431
3.56
1.26
1.516
2.748
2.839
3.989
3.754
3.969
0.766
0.839
3.829
3.757
3.808
23.677
24.268
23.679
24.111
24.522
24.498
1.755
1.762
1.886
1.885
1.303
1.296
1.164
1.277
1.208
1.61
1.78
1.79
1.697
2.674
2.233
1.748
1.815
2.633
3.061
2.675
3.874
4.127
4.061
4.039
3.624
3.702
3.81
3.671
4.314
2.531
2.671
2.542
3.914
4.022
4.002
4.229
4.089
2.813
2.725
2.759
17.213
17.123
17.199
24.057
24.311
24.861
23.942
23.87
24.3
26.101
24.614
24.826
14.653
15.361
15.194
15.195
15.524
15.01
15.159
10.781
11.045
10.78
14.817
14.701
14.423
11.288
11.422
10.938
13.344
13.454
14.642
15.73
15.683
15.022
14.28
14.268
13.969
10.446
10.842
13.817
13.994
13.76
15.036
14.384
14.413
2.781
1.659
1.786
4.1
4.091
4.229
3.898
25.521
25.084
24.88
24.073
25.329
1.567
1.61
3.826
3.833
25.715
25.258
15.562
15.698
25.919
24.608
24.903
26.124
25.347
25.374
25.387
25.716
20.859
25.361
23.375
23.249
24.297
22.017
20.091
20.39
13.19
13.529
13.648
22.606
22.491
22.961
26.129
20.938
22.366
20.935
20.332
21.103
24.199
25.364
24.808
21.733
20.943
19.323
25.171
21.72
21.412
22.571
19.68
21.508
25.616
26.273
29.088
28.054
25.755
25.621
34.408
21.85
19.241
19.229
19.514
21.247
19.567
22.915
22.173
22.762
20.916
19.725
23.331
19.969
20.022
19.493
19.446
19.723
20.708
18.887
18.402
17.153
19.619
19.752
16.224
16.932
17.156
16.84
17.207
18.934
21.384
22.471
18.964
17.431
22.375
18.955
13.263
13.053
13.188
15.197
15.019
15.146
20.091
21.997
21.22
15.852
15.607
15.735
21.719
19.672
17.993
15.622
16.698
20.39
19.681
21.987
21.106
21.648
19.813
16.764
17.492
17.524
20.876
15.704
15.197
17.115
15.765
16.111
30.056
100.232
188.878
183.757
15.335
16.088
17.359
16.435
16.568
15.191
17.183
16.977
15.828
19.035
18.147
18.523
17.543
16.425
17.045
124.297
17.128
15.695
18.413
18.912
16.657
17.342
16.154
15.72
15.944
17.713
15.201
15.615
15.057
17.3
143.318
146.598
176.964
133.434
130.125
132.236
15.009
14.798
14.213
14.265
14.504
14.03
133.663
13.525
12.842
13.163
12.467
12.471
122.192
13.216
12.45
12.612
13.673
12.436
12.702
12.443
12.077
12.225
12.461
12.457
12.258
11.882
12.025
12.153
13.727
12.875
12.715
13.036
13.251
13.25
12.461
12.808
12.504
12.487
12.637
12.072
12.155
11.97
2.392
2.688
2.622
2.639
3.454
15.213
13.481
15.453
10.171
10.305
9.959
1.267
1.616
1.316
1.908
2.046
2.027
2.631
2.423
2.788
1.67587e+09
1.67587e+09
2.202
2.292
2.082
1.559
1.73
1.618
1.68
1.989
2.186
1.467
1.261
1.46
1.312
1.762
1.309
1.46
1.469
1.419
1.214
1.467
1.413
1.41
10.621
10.557
10.382
9.733
9.962
6.591
6.712
6.549
6.35
6.382
33.757
43.901
37.08
49.268
33.68
37.111
39.399
38.619
37.933
39.403
46.461
13.82
13.028
12.703
12.061
11.807
11.726
11.112
10.651
9.873
36.513
40.541
10.916
12.261
11.872
11.989
11.302
12.006
10.804
11.897
11.036
11.159
11.602
10.503
11.705
11.515
11.938
11.245
11.344
11.582
10.93
10.997
11.278
11.189
11.511
10.73
10.96
10.857
10.66
11.145
10.626
10.636
10.473
10.674
10.786
10.495
10.213
10.041
9.968
10.943
10.134
10.314
10.191
9.924
2.592
2.774
2.427
2.821
2.453
2.556
2.709
2.804
2.626
2.624
11.883
10.933
11.345
10.938
11.06
11.653
11.234
11.319
11.184
11.738
12.12
12.098
11.969
11.737
11.889
2.662
2.735
2.376
2.03
2.224
2.568
2.627
2.652
15.352
23.493
12.15
11.346
11.356
14.383
11.915
10.541
1.651
1.612
1.59
1.481
1.689
1.931
1.114
1.36
1.46
1.26
1.213
1.118
1.321
1.417
1.264
1.057
1.007
1.52
1.465
1.36
1.368
1.164
1.369
1.216
1.11
0
1.309
0.909
0.855
1.314
1.461
1.259
12.895
13.325
10.635
10.356
14.058
10.1
10.025
13.135
10.758
10.429
13.072
10.338
10.498
108.661
88.931
85.187
110.757
91.331
88.142
87.096
86.654
116.658
97.378
98.545
97.817
98.973
114.094
88.73
84.828
82.866
82.758
137.128
88.538
87.513
86.512
85.55
138.523
88.253
88.091
86.186
85.05
85.138
86.638
85.558
87.153
85.961
13.249
9.963
10.064
9.582
9.447
12.699
10.919
10.536
9.862
10.631
12.903
10.035
9.908
9.31
9.52
14.983
14.089
12.565
11.777
11.929
11.733
12.88
10.131
10.139
10.026
10.233
12.644
10.238
10.091
9.854
9.826
12.881
10.316
9.766
9.999
9.735
2.536
3.013
12.57
12.508
11.655
12.156
11.901
13.32
13.574
13.138
11.982
13.333
12.828
11.983
11.258
11.74
10.951
11.424
10.441
9.789
9.997
10.048
12.023
11.338
11.342
11.997
12.271
13.26
13.316
9.857
9.974
9.578
8.911
9.644
11.029
11.037
11.33
11.555
11.126
11.173
12.756
10.061
10.204
13.167
10.056
10.385
9.836
10.434
13.83
10.684
10.097
10.361
9.745
13.044
10.271
10.368
9.918
9.999
12.56
10.676
10.549
12.154
10.574
10.223
10.99
12.702
11.147
11.252
12.725
11.33
10.955
12.315
10.799
11.117
10.592
10.253
